100
0 286 97
1 244 272
2 459 445
3 88 480
4 303 465
5 397 391
6 146 411
7 239 58
8 116 263
9 30 393
10 65 146
11 237 73
12 119 291
13 138 313
14 265 405
15 479 121
16 187 3
17 224 480
18 191 58
19 12 434
20 217 200
21 346 225
22 469 350
##start
23 125 95
24 123 327
25 324 187
26 292 495
##end
27 10 507
28 215 36
29 281 428
30 326 409
31 343 214
32 138 249
33 167 454
34 73 359
35 288 294
36 312 93
37 446 161
38 78 458
39 320 459
40 124 267
41 21 62
42 27 367
43 495 424
44 173 57
45 75 18
46 328 48
47 400 174
48 211 169
49 483 429
50 163 346
0-36
5-35
7-38
10-50
17-3
22-9
26-50
31-0
31-9
33-9
33-47
42-10
46-32
46-48
47-9
47-14
47-36
49-27
50-10
50-20
