100
0 90 4
1 143 398
2 230 825
3 46 563
4 520 170
5 691 712
6 686 906
7 703 802
8 162 899
9 822 771
10 368 631
11 144 222
##start
12 757 565
13 630 721
14 907 870
15 13 737
16 477 37
17 753 771
18 9 392
19 804 232
20 519 337
21 878 498
22 524 189
23 606 295
##end
24 293 214
25 884 480
26 270 58
27 165 152
28 93 890
29 300 521
30 360 199
31 717 170
32 756 336
33 16 863
34 468 483
35 506 128
36 47 686
37 182 2
38 427 821
39 373 450
40 81 254
41 883 805
42 455 531
43 729 580
44 596 176
45 208 747
46 733 36
47 173 372
48 472 36
49 416 656
50 623 896
51 569 477
52 706 826
53 765 97
54 213 204
55 179 861
56 791 781
57 598 221
58 294 881
59 874 814
60 649 2
61 326 92
62 501 328
63 239 207
64 210 673
65 71 248
66 881 68
67 9 147
68 126 95
69 511 203
70 574 854
71 503 773
72 37 210
73 627 349
74 409 686
75 299 172
76 683 427
77 740 320
78 368 565
79 268 266
80 300 740
81 111 155
82 804 331
83 456 465
84 416 787
85 92 6
86 767 789
87 771 469
88 576 698
89 876 711
90 437 394
0-51
0-70
1-5
1-58
2-69
4-15
6-9
7-59
9-25
9-88
10-56
10-81
11-1
11-37
14-39
17-40
17-47
17-63
17-69
18-30
19-75
20-4
21-7
21-45
23-1
25-42
25-43
25-81
26-73
27-20
28-35
29-18
29-89
31-29
31-86
31-87
32-90
33-4
34-5
34-51
35-0
37-45
37-46
37-75
38-35
38-65
38-82
41-0
41-22
41-26
43-25
43-63
45-63
45-71
47-25
47-52
47-68
49-14
51-55
53-40
53-71
55-47
56-71
56-87
57-3
57-5
58-36
59-43
62-21
65-36
66-16
66-19
66-66
67-13
69-77
71-41
71-80
74-33
75-3
75-67
78-1
78-5
78-76
81-16
83-78
83-82
84-35
84-88
85-85
85-88
86-56
86-66
87-41
