100
0 392 137
1 206 147
2 313 323
3 226 22
4 47 309
5 377 50
6 379 347
7 146 141
8 33 0
9 21 287
10 5 215
11 51 88
##end
12 104 226
13 246 123
14 326 359
15 316 46
16 216 142
17 82 373
18 169 305
19 229 224
20 154 7
21 67 274
22 331 185
23 317 347
##start
24 278 132
25 169 13
26 118 98
27 234 5
28 409 264
29 328 195
30 259 196
31 52 127
32 335 123
33 61 280
34 54 224
35 251 159
36 167 204
37 146 123
38 333 77
39 147 364
40 38 259
0-20
1-21
3-25
6-34
7-12
8-14
9-19
12-1
12-15
13-14
13-33
15-5
15-31
16-31
18-13
19-16
25-28
27-4
27-26
30-16
31-19
31-40
32-1
35-36
36-30
37-34
38-3
38-11
39-4
