100
##end
0 267 605
1 375 198
2 42 100
3 150 276
4 109 330
5 116 76
6 258 282
7 94 296
8 534 607
9 334 287
10 517 209
##start
11 250 371
12 449 482
13 427 474
14 270 520
15 419 163
16 284 388
17 235 464
18 597 3
19 601 147
20 430 142
21 568 27
22 108 270
23 551 68
24 109 92
25 163 325
26 63 515
27 44 505
28 209 502
29 210 204
30 84 60
31 553 20
32 571 187
33 159 106
34 508 98
35 102 539
36 134 432
37 288 222
38 5 228
39 448 241
40 346 584
41 174 71
42 337 570
43 96 531
44 470 545
45 455 405
46 481 106
47 169 552
48 403 302
49 411 601
50 417 161
51 114 335
52 343 261
53 173 39
54 527 586
55 190 390
56 468 0
57 208 391
58 100 54
59 137 31
60 212 20
0-29
0-49
0-50
3-25
3-54
5-23
7-17
7-45
8-43
8-48
8-56
12-27
12-59
13-45
14-14
14-20
14-35
15-41
18-37
23-15
24-28
27-45
30-11
31-2
32-8
32-56
34-14
35-18
36-4
36-47
37-19
37-24
37-60
40-14
43-5
44-53
45-37
46-3
49-4
51-19
52-40
53-18
55-56
56-16
60-24
60-49
