100
0 598 374
1 287 337
2 274 546
3 215 621
4 112 445
5 314 347
6 383 181
7 686 357
8 478 637
9 270 255
10 218 34
11 634 483
12 612 621
13 29 152
14 330 708
15 7 52
16 158 39
17 214 584
18 176 94
19 265 270
20 304 73
21 422 612
22 509 492
23 329 259
24 664 689
25 233 525
26 704 462
27 281 508
28 598 628
29 317 485
30 567 533
31 136 307
32 288 605
33 330 66
34 480 701
35 440 323
36 696 408
37 222 127
38 103 205
39 695 394
40 60 331
41 171 509
42 250 76
43 315 49
44 643 517
45 600 244
46 15 398
47 135 689
##start
48 628 234
49 8 144
50 705 534
51 454 580
52 629 24
53 124 641
54 238 636
55 396 468
56 90 432
57 628 482
58 513 640
59 461 411
60 145 489
61 20 276
62 565 141
63 374 426
64 388 558
65 358 321
66 209 428
67 456 669
68 68 303
##end
69 212 105
70 9 163
1-42
5-22
6-10
7-0
7-11
7-39
10-19
10-22
13-5
16-27
16-39
18-7
21-10
27-6
29-22
30-0
30-12
32-30
34-69
35-17
35-40
36-15
36-43
36-63
37-25
37-64
42-43
43-43
46-15
46-56
48-27
50-39
50-60
51-36
51-40
54-36
55-12
55-56
57-0
59-22
59-47
59-59
60-8
60-17
60-21
63-11
64-7
66-52
66-59
69-8
