100
0 240 522
1 336 222
2 639 803
3 627 69
4 636 787
5 747 167
6 293 736
7 96 493
8 354 630
9 578 391
10 94 18
11 127 208
12 95 801
13 148 806
14 48 93
15 456 383
16 677 213
17 65 391
18 527 241
19 271 254
20 519 771
21 623 453
22 744 639
23 656 193
24 797 783
25 317 224
26 356 152
27 525 581
28 261 420
29 147 785
30 521 216
31 684 300
32 318 298
33 198 286
34 616 156
35 256 276
36 725 405
37 131 744
38 605 785
39 364 759
40 251 713
41 514 348
42 548 621
43 142 101
44 126 234
45 218 787
##start
46 358 669
47 699 273
48 258 34
49 210 284
50 40 420
51 246 147
52 794 632
53 333 645
54 379 180
55 458 72
56 230 338
57 359 710
58 622 538
59 269 496
60 106 613
61 787 197
62 186 396
63 507 67
64 293 207
65 747 259
66 180 706
67 397 493
68 164 738
69 300 285
70 741 153
71 222 766
72 10 197
73 784 211
74 229 693
##end
75 557 465
76 214 775
77 153 520
78 384 562
79 513 371
80 193 719
0-24
0-25
1-6
1-54
1-58
2-24
2-47
2-60
4-43
5-61
5-72
7-35
8-30
8-66
8-76
9-46
10-24
12-66
12-67
13-4
13-29
13-64
15-57
15-59
17-16
18-57
26-24
26-28
27-4
27-71
28-4
29-29
30-42
30-69
32-20
34-1
34-25
34-47
35-9
38-50
39-12
39-33
40-60
41-32
42-19
42-23
43-39
46-47
48-66
48-76
49-36
50-43
51-41
51-64
51-75
51-78
53-47
55-19
56-34
58-29
58-71
60-9
61-69
63-9
63-72
69-45
69-57
70-18
70-53
72-4
72-57
75-50
78-26
78-54
79-26
80-35
