100
0 348 326
1 183 135
2 333 376
3 532 245
4 717 629
5 292 280
6 398 40
7 217 500
8 673 572
9 420 585
10 349 356
11 768 280
12 225 738
13 312 784
14 186 18
15 163 514
16 112 395
17 681 96
18 618 86
19 1 206
20 14 73
21 734 319
22 736 457
23 518 646
24 566 226
25 699 649
##start
26 633 160
27 625 774
28 111 799
29 609 211
30 443 719
31 607 457
32 290 603
33 491 205
34 104 335
35 636 121
36 25 470
37 604 808
38 108 604
39 251 793
40 337 205
41 298 800
42 416 394
43 103 177
44 3 663
45 429 270
46 620 89
47 504 532
48 390 257
49 223 563
50 797 516
51 256 467
52 435 648
53 287 629
54 588 291
55 442 664
56 542 604
57 378 228
58 322 226
59 700 604
60 284 329
61 361 765
62 710 25
##end
63 77 649
64 694 447
65 92 615
66 119 82
67 464 562
68 476 463
69 664 662
70 16 281
71 213 535
72 768 770
73 654 166
74 318 755
75 703 179
76 581 523
77 534 230
78 106 40
79 0 685
80 297 7
0-0
1-30
1-50
1-55
1-56
6-73
6-76
7-67
7-73
7-77
8-73
10-26
10-36
11-18
11-42
13-55
15-44
17-28
17-72
21-2
21-35
21-45
24-37
25-8
25-33
25-38
26-43
27-12
31-22
32-6
32-35
32-38
32-43
32-71
33-25
33-66
35-10
36-7
38-54
39-69
40-30
43-3
47-34
47-43
49-15
50-21
50-64
50-71
51-11
55-10
56-64
59-20
59-59
62-53
63-12
64-7
64-45
65-37
66-44
72-17
73-74
77-19
77-60
77-80
78-19
80-75
