100
0 401 246
1 356 221
2 238 432
3 109 302
4 597 296
5 94 444
6 143 319
7 22 433
8 543 5
9 281 585
10 511 589
11 559 517
##end
12 244 232
13 17 85
14 24 34
15 608 473
16 293 350
17 14 561
18 264 208
19 308 400
##start
20 375 466
21 366 547
22 310 143
23 132 591
24 342 383
25 555 188
26 246 360
27 389 75
28 61 161
29 601 448
30 446 340
31 597 199
32 128 226
33 532 502
34 494 365
35 281 279
36 241 366
37 185 23
38 362 297
39 191 580
40 552 454
41 119 177
42 522 578
43 41 168
44 86 459
45 2 513
46 247 371
47 248 300
48 536 228
49 459 197
50 398 532
51 526 274
52 520 389
53 87 494
54 297 206
55 81 416
56 497 135
57 417 517
58 115 280
59 383 419
60 292 151
2-23
5-16
11-7
12-49
15-31
17-18
19-25
20-56
21-44
22-51
23-15
28-6
36-9
40-40
42-36
44-32
48-39
48-48
49-0
49-39
52-35
52-36
53-47
54-21
55-48
58-10
59-18
59-22
60-28
