100
0 358 383
1 258 188
2 157 164
3 353 280
4 16 17
5 304 409
6 52 234
7 136 348
8 40 347
9 0 70
10 393 204
11 2 293
12 319 68
13 97 315
14 9 208
15 218 217
16 4 144
17 85 304
18 405 27
19 179 193
20 341 108
21 342 95
22 60 227
23 64 174
24 304 56
25 161 52
##start
26 168 226
27 4 251
28 128 130
29 328 375
30 244 255
31 86 289
32 183 211
33 171 316
34 160 220
35 188 89
36 36 193
37 262 394
38 110 291
##end
39 200 57
40 5 298
1-17
6-2
6-10
11-11
14-1
18-3
18-40
19-6
23-26
24-11
25-9
28-6
28-38
30-29
34-6
34-26
36-30
40-12
40-36
